2.61090683937	-2.32999992371	0.340561270714
3.18942403793	-2.32999992371	0.336309671402
3.71577239037	-2.32999992371	0.336802244186
4.24019098282	-2.32999992371	0.336939692497
4.74416017532	-2.32999992371	0.337231218815
5.32987594604	-2.32999968529	0.337205350399
5.89442968369	-2.33000016212	0.336910516024
6.53667259216	-2.33000040054	0.336577177048
7.12030172348	-2.33000040054	0.336598515511
7.67995882034	-2.33000040054	0.336042940617
8.31392478943	-2.32999992371	0.335048019886
8.98083877563	-2.32999992371	0.33614385128
9.62621116638	-2.32999992371	0.33732354641
10.375330925	-2.32999992371	0.337154865265
11.1392097473	-2.32999992371	0.334773391485
11.758020401	-2.32999992371	0.335056513548
12.3333053589	-2.32999992371	0.335086166859
13.2380504608	-2.32999992371	0.334039270878
13.7868328094	-2.32999897003	0.333784759045
14.3651885986	-2.32999897003	0.333825618029
14.9333648682	-2.32999897003	0.333905220032
15.7699241638	-2.32999992371	0.333820044994
16.4242248535	-2.32999897003	0.333774000406
17.3288135529	-2.32999801636	0.333947837353
18.0056228638	-2.32999801636	0.335247844458
18.5094566345	-2.32999801636	0.336538434029
19.1852836609	-2.32999801636	0.337519586086
19.7349624634	-2.32999801636	0.337493658066
20.4304618835	-2.32999801636	0.336858332157
20.9968547821	-2.32999801636	0.335800468922
21.7360363007	-2.32999992371	0.336146503687
22.4495258331	-2.32999992371	0.337101489305
23.0244026184	-2.32999801636	0.337427049875
23.7622413635	-2.32999801636	0.337095379829
24.3209686279	-2.33078765869	0.337686300278
25.3202857971	-2.3263092041	0.338688284159
26.2034263611	-2.3128490448	0.336371123791
27.0669975281	-2.29870414734	0.336069017649
27.8296318054	-2.28563690186	0.336907565594
28.4034786224	-2.27563858032	0.337313473225
29.2114925385	-2.26145553589	0.337402254343
29.8275527954	-2.25060272217	0.336448013783
30.6447639465	-2.2361831665	0.334496319294
31.3267765045	-2.22330284119	0.336131304502
32.1129989624	-2.21170806885	0.337333798409
32.7840652466	-2.2053604126	0.335829138756
33.6047401428	-2.19885635376	0.334563702345
34.2774887085	-2.19414138794	0.334911942482
34.9332733154	-2.18948554993	0.335676968098
35.8235092163	-2.18306922913	0.336339235306
36.4839706421	-2.178358078	0.336413353682
37.5255203247	-2.17085456848	0.336670696735
38.0992965698	-2.16700935364	0.337171286345
39.1739273071	-2.16012001038	0.337562263012
39.8977050781	-2.15554237366	0.337391197681
40.8610954285	-2.14945030212	0.337117731571
41.5197372437	-2.14528083801	0.337035298347
42.4579544067	-2.13933753967	0.337043493986
43.1681747437	-2.1348400116	0.33708268404
44.2368621826	-2.12806892395	0.337114393711
45.3203430176	-2.1208820343	0.33825173974
46.0385437012	-2.11836051941	0.33794927597
46.6092376709	-2.1169719696	0.337508171797
47.7395324707	-2.11461448669	0.336943089962
48.4516677856	-2.11318397522	0.3368922472
49.548625946	-2.11099052429	0.337022721767
50.2908859253	-2.10951423645	0.337106019258
51.4201965332	-2.10727119446	0.337137579918
52.1725578308	-2.10577964783	0.337116122246
53.2644233704	-2.10361671448	0.337079644203
53.8678741455	-2.10242271423	0.337069183588
55.1588783264	-2.09986686707	0.337071269751
56.2427177429	-2.0977191925	0.337083935738
56.9846992493	-2.09625053406	0.337091267109
57.7209320068	-2.0947933197	0.337095797062
58.5950431824	-2.09306144714	0.337097764015
59.6181182861	-2.0910358429	0.337097585201
60.4003562927	-2.08948707581	0.337097167969
61.5936851501	-2.0871219635	0.337097644806
62.3580703735	-2.08560752869	0.337098836899
63.561126709	-2.0832233429	0.337104439735
64.1150512695	-2.08212471008	0.337042480707
64.7603530884	-2.0808467865	0.336547076702
65.6069030762	-2.0791721344	0.33646056056
66.8125534058	-2.07678413391	0.336819648743
67.6197738647	-2.07518577576	0.336677521467
68.1942367554	-2.07404899597	0.336738824844
68.9936523438	-2.07246208191	0.33695691824
69.7968673706	-2.07087516785	0.33699887991
70.9887084961	-2.06851005554	0.336835116148
72.219291687	-2.06607627869	0.336978405714
73.2091064453	-2.06411552429	0.337069183588
74.0314407349	-2.06248283386	0.337101817131
75.2954406738	-2.05998039246	0.337513029575
76.0961990356	-2.05839347839	0.337887346745
76.6966247559	-2.05720329285	0.338091820478
77.5341720581	-2.05554771423	0.338222444057
78.374206543	-2.05388450623	0.338217586279
79.6192016602	-2.05142021179	0.338121175766
80.4780960083	-2.04971885681	0.338070273399
81.0982513428	-2.04849052429	0.338053494692
81.919418335	-2.04686546326	0.338052600622
82.7490844727	-2.04521751404	0.338063240051
83.5403671265	-2.04365348816	0.338073670864
84.1731491089	-2.04240226746	0.338078200817
85.428565979	-2.03991508484	0.338075101376
86.2134475708	-2.03835868835	0.338068008423
87.1014862061	-2.03659629822	0.338058799505
87.7357788086	-2.03534507751	0.338053017855
88.5399627686	-2.03375053406	0.338047325611
89.3832168579	-2.03207969666	0.338043391705
90.8525543213	-2.02917289734	0.33803910017
91.8458404541	-2.02720451355	0.338036686182
93.0553894043	-2.02480888367	0.338033080101
94.1104812622	-2.02271842957	0.338029205799
95.3286972046	-2.02030754089	0.338024199009
96.8395385742	-2.01731681824	0.338017702103
97.6692504883	-2.01566886902	0.338014304638
98.7245941162	-2.01357841492	0.338010251522
99.5324020386	-2.01197624207	0.338007450104
100.994094849	-2.00892448425	0.338304758072
101.552406311	-2.00720787048	0.339209318161
102.387123108	-2.00675010681	0.339912593365
103.423843384	-2.01100730896	0.339396983385
104.23550415	-2.01605033875	0.338652312756
105.675369263	-2.02606773376	0.337789714336
107.12159729	-2.03635978699	0.337727189064
108.10206604	-2.04332542419	0.337875366211
108.927528381	-2.0491771698	0.337986826897
109.561172485	-2.05367088318	0.338037192822
110.410942078	-2.05969047546	0.338055551052
111.881637573	-2.07011222839	0.338009774685
113.362854004	-2.08061027527	0.337957292795
114.446006775	-2.08852958679	0.338399857283
115.260147095	-2.09425163269	0.338956654072
116.698577881	-2.10063743591	0.338668107986
117.363937378	-2.10296440125	0.338344722986
118.181343079	-2.10565757751	0.338020384312
119.200836182	-2.10894584656	0.337817311287
120.281242371	-2.11241722107	0.337807685137
121.558639526	-2.11652946472	0.337903857231
122.578529358	-2.11982536316	0.337965905666
123.186859131	-2.12178611755	0.337983131409
124.076843262	-2.12466239929	0.337984442711
125.17098999	-2.12818717957	0.337963998318
126.658729553	-2.13298606873	0.3379342556
128.133575439	-2.13773918152	0.337923228741
130.269592285	-2.14462852478	0.337928712368
131.737350464	-2.14936637878	0.337932139635
132.607681274	-2.15217399597	0.337931841612
133.270904541	-2.15431022644	0.337930649519
134.151412964	-2.15716362	0.337928205729
135.26940918	-2.16076469421	0.337924659252
136.722717285	-2.16544914246	0.337920606136
137.825775146	-2.1690196991	0.33791834116
139.35055542	-2.17393302917	0.337916195393
140.857498169	-2.17880058289	0.337914705276
141.94128418	-2.18229484558	0.337913632393
142.971282959	-2.1856212616	0.337912559509
143.645553589	-2.18780326843	0.337911844254
144.543136597	-2.19070243835	0.337910830975
145.640457153	-2.19424247742	0.337909579277
147.188980103	-2.19923210144	0.337907910347
148.255554199	-2.20268058777	0.337906897068
149.786743164	-2.20780754089	0.338922321796
150.395462036	-2.20860099792	0.338943421841
151.876647949	-2.20872306824	0.33838391304
153.542633057	-2.20783805847	0.337824374437
155.144958496	-2.20687675476	0.337742626667
156.295928955	-2.20620536804	0.337823182344
157.883926392	-2.2052898407	0.337923109531
159.004745483	-2.20463371277	0.337943434715
159.516387939	-2.20434379578	0.337940990925
160.615036011	-2.20371818542	0.337923169136
161.717987061	-2.20307731628	0.337902605534
163.373443604	-2.20211601257	0.337887167931
164.363510132	-2.20153617859	0.337887555361
165.036499023	-2.20115470886	0.33789023757
166.099731445	-2.20052909851	0.337895840406
167.161560059	-2.19991874695	0.33790075779
168.771240234	-2.19898796082	0.337904274464
169.876525879	-2.19834709167	0.337904274464
171.674560547	-2.19729423523	0.337902665138
172.634796143	-2.19674491882	0.337901949883
173.932693481	-2.19598197937	0.337901592255
175.481735229	-2.19508171082	0.337902188301
176.159423828	-2.19470024109	0.337902665138
177.095504761	-2.19415092468	0.337903499603
178.221969604	-2.19349479675	0.337904572487
178.922607422	-2.19308280945	0.337905287743
180.037719727	-2.19244194031	0.337906360626
181.225341797	-2.1917552948	0.337907493114
182.742446899	-2.19087028503	0.337908774614
183.917068481	-2.19018363953	0.337909728289
184.557678223	-2.18981742859	0.337910234928
185.746459961	-2.18911552429	0.337911218405
186.871398926	-2.18847465515	0.337912261486
187.403686523	-2.18815422058	0.337912738323
188.539886475	-2.18749809265	0.337913900614
189.77381897	-2.18678092957	0.337915211916
191.379180908	-2.18585014343	0.337916970253
192.52923584	-2.18517875671	0.337918221951
193.210357666	-2.1847820282	0.337918877602
194.415588379	-2.1840801239	0.337919980288
196.234725952	-2.18302726746	0.337921798229
197.333755493	-2.18238639832	0.337923049927
198.461730957	-2.18173027039	0.337924301624
199.006195068	-2.1814250946	0.337924033403
200.242431641	-2.18070793152	0.337878346443
201.401916504	-2.1800365448	0.337768435478
203.085906982	-2.1790599823	0.337641000748
204.267913818	-2.17837333679	0.337623506784
205.006118774	-2.1779460907	0.337636679411
206.120056152	-2.17728996277	0.337673038244
207.305847168	-2.17660331726	0.337714612484
207.84765625	-2.17629814148	0.337730944157
209.060913086	-2.17558097839	0.337759375572
210.396392822	-2.17480278015	0.337780863047
212.090576172	-2.17382621765	0.337804228067
213.416732788	-2.1730632782	0.337825417519
213.921844482	-2.17275810242	0.33783531189
215.112213135	-2.17207145691	0.337898850441
216.433990479	-2.17130851746	0.338041484356
216.934005737	-2.17101860046	0.338094115257
218.242721558	-2.17025566101	0.338188409805
219.460388184	-2.16955375671	0.338214635849
220.610076904	-2.16888237	0.338204622269
221.288269043	-2.16848564148	0.33819258213
222.539047241	-2.1677532196	0.338172376156
223.252029419	-2.1673412323	0.338165193796
224.227767944	-2.1667766571	0.338161528111
225.579315186	-2.16599845886	0.338164508343
226.146865845	-2.1656627655	0.33816704154
227.462768555	-2.16489982605	0.338172793388
228.635803223	-2.16421318054	0.33817589283
229.819458008	-2.16352653503	0.338176727295
230.471054077	-2.16314506531	0.338176518679
231.796508789	-2.16238212585	0.338175356388
232.429244995	-2.16201591492	0.338174819946
233.623916626	-2.16131401062	0.338174164295
234.842529297	-2.16061210632	0.3381742239
235.391052246	-2.16029167175	0.338174462318
236.726318359	-2.15951347351	0.338175475597
238.083068848	-2.15872001648	0.338176697493
238.59375	-2.15843009949	0.33817717433
239.819885254	-2.1577129364	0.338178157806
241.019500732	-2.1570110321	0.338178992271
241.774185181	-2.15656852722	0.338179409504
243.037475586	-2.15583610535	0.338180065155
244.245391846	-2.15513420105	0.338180661201
245.00062561	-2.15470695496	0.338181018829
246.195907593	-2.15400505066	0.338181585073
247.367279053	-2.15333366394	0.33818218112
248.093276978	-2.15290641785	0.33818256855
249.277893066	-2.15221977234	0.338183283806
250.717102051	-2.15138053894	0.338184207678
252.538085938	-2.1503276825	0.338185340166
253.710388184	-2.14965629578	0.338186085224
254.45703125	-2.14921379089	0.338186562061
255.748733521	-2.14846611023	0.338187307119
257.009399414	-2.14773368835	0.338187843561
257.636657715	-2.14736747742	0.33818808198
259.064880371	-2.1465587616	0.338187277317
260.25579834	-2.1458568573	0.338136404753
260.913757324	-2.14546012878	0.338079929352
262.135253906	-2.14475822449	0.337970256805
263.352752686	-2.14405632019	0.337903529406
264.081359863	-2.1436290741	0.337891459465
265.294799805	-2.1429271698	0.337906509638
265.993621826	-2.14253044128	0.337927430868
267.975524902	-2.14137077332	0.337994337082
268.642730713	-2.1409740448	0.338013023138
269.909942627	-2.14024162292	0.338040560484
270.696960449	-2.13978385925	0.338053703308
271.84753418	-2.13911247253	0.338070511818
273.337432861	-2.13825798035	0.338092714548
275.236328125	-2.13715934753	0.338127881289
276.442047119	-2.13645744324	0.338195323944
277.098449707	-2.1360912323	0.338258892298
278.636901855	-2.13517570496	0.338408857584
279.759521484	-2.13453483582	0.338473618031
280.503387451	-2.13410758972	0.338492155075
281.276031494	-2.13364982605	0.338495522738
283.106384277	-2.13258171082	0.338470458984
283.802215576	-2.1321849823	0.338459074497
285.091552734	-2.13145256042	0.338444620371
285.736602783	-2.13108634949	0.338441312313
287.012969971	-2.13032341003	0.338441252708
288.416381836	-2.129529953	0.338446289301
289.882019043	-2.12867546082	0.338451474905
291.097137451	-2.12794303894	0.338453650475
291.867919922	-2.12751579285	0.338453918695
293.141357422	-2.12678337097	0.338453024626
293.647125244	-2.12647819519	0.338452398777
295.000671387	-2.12568473816	0.338450670242
296.449951172	-2.12486076355	0.33844935894
296.997253418	-2.12452507019	0.338449090719
298.36416626	-2.12373161316	0.338448882103
299.868896484	-2.12284660339	0.338449239731
300.495941162	-2.12251091003	0.338449478149
301.962524414	-2.12165641785	0.338450014591
303.134735107	-2.12095451355	0.338450342417
303.837280273	-2.12055778503	0.338450491428
305.278015137	-2.11970329285	0.338450551033
306.515869141	-2.11900138855	0.338450580835
307.244293213	-2.11857414246	0.338450580835
308.487304688	-2.11784172058	0.338450551033
310.088378906	-2.11692619324	0.338450580835
311.346405029	-2.11619377136	0.338450610638
313.33215332	-2.11503410339	0.338450789452
314.553405762	-2.1143321991	0.338450938463
315.287689209	-2.113904953	0.33845102787
316.725128174	-2.11308097839	0.338451266289
317.290649414	-2.11274528503	0.338451325893
318.727050781	-2.11189079285	0.338451564312
320.268463135	-2.11100578308	0.338451772928
320.785766602	-2.1107006073	0.338451862335
322.053283691	-2.10996818542	0.338452041149
323.515930176	-2.10911369324	0.33845230937
324.333312988	-2.10865592957	0.338452428579
325.715881348	-2.10783195496	0.338452666998
326.869476318	-2.10716056824	0.338452875614
327.64541626	-2.10673332214	0.338452994823
328.942687988	-2.10597038269	0.338453263044
330.368835449	-2.10514640808	0.338453561068
331.768096924	-2.10432243347	0.338453859091
332.491882324	-2.10389518738	0.338454008102
333.831573486	-2.10313224792	0.338454306126
334.565246582	-2.10270500183	0.338454425335
336.686126709	-2.10148429871	0.338454961777
338.594421387	-2.10035514832	0.338455498219
339.305908203	-2.0999584198	0.338455677032
340.738464355	-2.09910392761	0.338456064463
341.561706543	-2.09864616394	0.338456273079
342.996704102	-2.09779167175	0.338456690311
344.184906006	-2.09712028503	0.338456988335
345.150268555	-2.09654045105	0.338457256556
346.387084961	-2.09583854675	0.338457614183
347.82901001	-2.09498405457	0.338458001614
348.374053955	-2.09467887878	0.33845821023
350.024139404	-2.09373283386	0.338458776474
351.264556885	-2.09300041199	0.338459134102
351.985778809	-2.09257316589	0.33845937252
353.346069336	-2.09177970886	0.338459789753
354.716308594	-2.09098625183	0.338460206985
355.493347168	-2.09055900574	0.338460385799
356.929260254	-2.08970451355	0.338460803032
358.360839844	-2.08888053894	0.33846116066
359.095336914	-2.08845329285	0.338461369276
360.554412842	-2.08759880066	0.338461786509
361.764709473	-2.08689689636	0.338462144136
362.542785645	-2.08643913269	0.338462382555
363.996643066	-2.08561515808	0.33846282959
365.434692383	-2.08476066589	0.338463276625
365.979278564	-2.08445549011	0.338463455439
367.635742188	-2.08350944519	0.338463932276
368.942016602	-2.08274650574	0.338464319706
369.666748047	-2.08231925964	0.33846449852
371.096679688	-2.08149528503	0.338464975357
372.388519287	-2.08073234558	0.33846539259
373.861083984	-2.07987785339	0.338465839624
374.604980469	-2.0794506073	0.338466078043
376.072113037	-2.07862663269	0.338466495275
376.784393311	-2.0781993866	0.338466703892
378.306365967	-2.07731437683	0.338467180729
379.679962158	-2.0765209198	0.338467597961
380.975463867	-2.07575798035	0.338468015194
381.789031982	-2.07530021667	0.338468253613
383.26940918	-2.07444572449	0.338468670845
384.026794434	-2.07401847839	0.338468939066
385.449554443	-2.07319450378	0.338469207287
386.743011475	-2.07243156433	0.338469386101
388.13861084	-2.0716381073	0.338469803333
388.877624512	-2.07118034363	0.338470071554
390.346313477	-2.07035636902	0.338470697403
391.741333008	-2.06953239441	0.338471293449
392.556793213	-2.06907463074	0.338471591473
394.075256348	-2.06818962097	0.33847206831
394.822631836	-2.0677318573	0.338472276926
396.114196777	-2.06699943542	0.338472634554
397.640808105	-2.06611442566	0.338473021984
399.06463623	-2.06525993347	0.338473409414
399.774597168	-2.06486320496	0.338473618031
401.260864258	-2.06397819519	0.33847412467
402.01449585	-2.0635509491	0.338474392891
403.358093262	-2.06275749207	0.338474810123
404.849060059	-2.06190299988	0.338475286961
405.697998047	-2.06141471863	0.338475555182
407.139343262	-2.06056022644	0.338476002216
408.595001221	-2.06004142761	0.339221358299
409.309020996	-2.05906486511	0.33943733573
410.679138184	-2.05528068542	0.339362591505
411.460998535	-2.05247306824	0.339149236679
412.84161377	-2.04701042175	0.33872589469
414.258300781	-2.04115104675	0.338424116373
415.73614502	-2.03498649597	0.338315367699
417.173706055	-2.02903556824	0.338347911835
418.129974365	-2.02509880066	0.338400453329
419.589111328	-2.01911735535	0.338475108147
420.296936035	-2.01621818542	0.338499456644
421.843292236	-2.00987052917	0.33852109313
423.29510498	-2.00391960144	0.338512271643
424.059967041	-2.00080680847	0.338502466679
425.433837891	-1.99516105652	0.338484674692
426.848144531	-1.98936271667	0.338472664356
427.641052246	-1.98612785339	0.338469713926
428.962585449	-1.98069572449	0.338469922543
430.566223145	-1.97413444519	0.338475316763
431.361175537	-1.97086906433	0.338478565216
432.664611816	-1.96552848816	0.338483273983
434.254821777	-1.95902824402	0.338486969471
434.88494873	-1.95643424988	0.338487684727
436.530334473	-1.94968986511	0.338488101959
437.839874268	-1.94431877136	0.33848747611
438.765991211	-1.94053459167	0.338486880064
440.225097656	-1.93455314636	0.338486075401
441.558685303	-1.92909049988	0.338485717773
443.173828125	-1.92246818542	0.338485866785
443.943878174	-1.91932487488	0.338486105204
445.28112793	-1.91383171082	0.338486671448
446.236206055	-1.90992546082	0.338487118483
447.639038086	-1.90418815613	0.338487803936
448.992034912	-1.89863395691	0.338488399982
449.922973633	-1.89481925964	0.338488787413
451.351715088	-1.88895988464	0.338489294052
452.010101318	-1.88627433777	0.338489532471
453.652099609	-1.879529953	0.338490009308
455.079956055	-1.873670578	0.338490396738
456.737548828	-1.86689567566	0.338490843773
457.435546875	-1.86402702332	0.338491022587
458.909790039	-1.85798454285	0.338491410017
460.415283203	-1.85181999207	0.338491916656
461.184509277	-1.84864616394	0.338492155075
462.503417969	-1.84324455261	0.338492572308
463.936584473	-1.83738517761	0.338493108749
465.622497559	-1.83045768738	0.33851981163
466.40246582	-1.82725334167	0.338693320751
467.792297363	-1.82157707214	0.339508712292
468.778259277	-1.81751823425	0.340227425098
470.140258789	-1.81193351746	0.342849254608
471.736602783	-1.80540275574	0.348133593798
472.381896973	-1.80274772644	0.350168228149
473.777038574	-1.79704093933	0.352514207363
475.166748047	-1.79133415222	0.35225173831
476.672637939	-1.78516960144	0.350494116545
477.307495117	-1.7825756073	0.349655210972
478.833221436	-1.77631950378	0.348457694054
480.131378174	-1.77097892761	0.348023176193
480.788909912	-1.76829338074	0.348134458065
482.280517578	-1.76218986511	0.348312616348
482.907012939	-1.75962638855	0.348628252745
484.168334961	-1.75443840027	0.349079966545
485.460998535	-1.74915885925	0.349191308022
486.324035645	-1.74561882019	0.349388062954
487.507751465	-1.74076652527	0.349144041538
488.918640137	-1.734998703	0.349207818508
490.86138916	-1.72703361511	0.349001407623
491.454833984	-1.72459220886	0.349309027195
492.633422852	-1.71912956238	0.349246501923
493.998779297	-1.71439933777	0.348680377007
495.110107422	-1.71656608582	0.348964810371
495.675170898	-1.71995353699	0.349376708269
496.873657227	-1.73103141785	0.350466400385
498.146972656	-1.74744987488	0.351423740387
499.198516846	-1.76487541199	0.352098464966
499.859802246	-1.77744865417	0.352415502071
501.026000977	-1.80174064636	0.351767122746
501.534118652	-1.81251335144	0.351208806038
502.690704346	-1.83735466003	0.350341439247
503.825378418	-1.8614025116	0.35033416748
505.344055176	-1.89494132996	0.349493265152
506.388977051	-1.91892814636	0.348912596703
507.020507812	-1.93379020691	0.348856985569
507.969360352	-1.95646476746	0.349386036396
509.07925415	-1.98344230652	0.350074321032
510.568481445	-2.020154953	0.350512564182
511.444824219	-2.04197502136	0.350730150938
512.471862793	-2.06767082214	0.35075828433
513.029968262	-2.08192253113	0.35030412674
513.977172852	-2.1065196991	0.349463403225
515.244140625	-2.13407707214	0.349270313978
516.164367676	-2.1478099823	0.349995553493
516.710327148	-2.15354728699	0.350546300411
517.513671875	-2.1595287323	0.351227670908
518.411987305	-2.16349601746	0.351765662432
519.192016602	-2.16514396667	0.352105200291
520.539855957	-2.16374015808	0.350737512112
521.715698242	-2.15604972839	0.349697709084
522.541687012	-2.14890861511	0.349264293909
523.659057617	-2.13957023621	0.349781990051
524.332519531	-2.13389396667	0.350762605667
525.093811035	-2.12748527527	0.351665377617
526.152404785	-2.11912345886	0.351745933294
526.885498047	-2.11454582214	0.350849121809
527.833496094	-2.10764884949	0.348596513271
528.874206543	-2.09818840027	0.347241401672
529.572753906	-2.0911693573	0.347201615572
530.428222656	-2.08201408386	0.347454607487
531.07019043	-2.07487297058	0.347591102123
531.94921875	-2.06492424011	0.347588926554
532.555786133	-2.05851554871	0.347907960415
533.381408691	-2.04813957214	0.349443018436
533.961730957	-2.03800773621	0.350421965122
534.738952637	-2.01920890808	0.35099864006
535.518737793	-1.99241447449	0.35098361969
536.427490234	-1.94657707214	0.351789802313
537.141479492	-1.90312004089	0.352197736502
537.908752441	-1.84989738464	0.350862085819
538.52331543	-1.79997062683	0.350543797016
539.072998047	-1.74851799011	0.348409235477
539.591796875	-1.69041252136	0.345651090145
540.28515625	-1.59184074402	0.34545224905
541.062438965	-1.44950675964	0.347142994404
541.794494629	-1.27860832214	0.347877025604
542.461669922	-1.0843334198	0.348242223263
543.00604248	-0.894269943237	0.348511755466
543.529052734	-0.679243087769	0.346873641014
544.048400879	-0.411542892456	0.343163132668
544.534851074	-0.0799388885498	0.34021371603
545.020324707	0.354814529419	0.338696181774
545.389892578	0.785722732544	0.337649405003
545.761169434	1.30732917786	0.335790961981
546.131652832	1.87318611145	0.336375713348
546.487121582	2.44917488098	0.340883344412
546.826049805	3.08174324036	0.340488642454
547.096618652	3.69636726379	0.339882075787
547.318603516	4.35231208801	0.336797833443
547.484619141	4.9205493927	0.338021278381
547.626525879	5.50203132629	0.340617418289
547.739624023	6.14192390442	0.338899254799
547.839355469	6.93690681458	0.337968707085
547.895996094	7.71809577942	0.338987529278
547.908874512	8.22584724426	0.335734188557
547.915893555	8.75172615051	0.335852384567
547.917480469	9.43397712708	0.339183658361
547.899841309	10.0103321075	0.339964330196
547.852233887	10.6762866974	0.337000221014
547.789794922	11.3089160919	0.336238384247
547.727600098	11.8362598419	0.337659835815
547.619567871	12.549943924	0.336462289095
547.517700195	13.144487381	0.335160851479
547.39465332	13.83162117	0.335145950317
547.253540039	14.6104297638	0.33829420805
547.130432129	15.2445240021	0.339150428772
546.987426758	15.9101734161	0.336089491844
546.839233398	16.5720996857	0.334564626217
546.658935547	17.3711719513	0.337228298187
546.501464844	18.050737381	0.340491473675
546.329223633	18.7298145294	0.338995724916
546.079467773	19.6390552521	0.33416134119
545.733276367	20.8701343536	0.334682136774
545.552856445	21.5095996857	0.336673110723
545.410766602	22.012468338	0.3376288414
545.193969727	22.7786426544	0.337595999241
544.916503906	23.7585010529	0.334593266249
544.679931641	24.5938892365	0.334284961224
544.446716309	25.4176197052	0.335469633341
544.167053223	26.4060230255	0.336230158806
543.932312012	27.2340869904	0.336328744888
543.693847656	28.0745410919	0.336160004139
543.528320312	28.6586170197	0.336113721132
543.274536133	29.5533924103	0.336423754692
543.113647461	30.1214771271	0.337068080902
542.856445312	31.0310840607	0.337652385235
542.690673828	31.6174793243	0.337548702955
542.433227539	32.5284576416	0.337208837271
542.296142578	33.0135345459	0.337096005678
542.030761719	33.9516448975	0.337391674519
541.858886719	34.5565338135	0.338933110237
541.600830078	35.4883270264	0.338446378708
541.430419922	36.1133270264	0.337541699409
541.173339844	37.0588531494	0.336844444275
541.003540039	37.6837921143	0.336837530136
540.829650879	38.3238677979	0.336983650923
540.599731445	39.1703643799	0.337152659893
540.416320801	39.8455352783	0.337191879749
540.148681641	40.8310699463	0.337145626545
539.867858887	41.8650054932	0.337082922459
539.692138672	42.508682251	0.338424444199
539.46270752	43.3614044189	0.338906347752
539.287231445	44.0283355713	0.338024377823
539.017578125	45.060256958	0.33697193861
538.842163086	45.7325592041	0.336795806885
538.665771484	46.4088592529	0.336878716946
538.385864258	47.4817962646	0.337108969688
538.124389648	48.4841156006	0.33717995882
537.941162109	49.18699646	0.337153285742
537.757507324	49.8911895752	0.337107896805
537.480224609	50.9544830322	0.337062388659
537.206665039	52.0015411377	0.337948083878
537.024475098	52.7034454346	0.338190436363
536.74597168	53.7871551514	0.337486505508
536.574707031	54.4552459717	0.337104797363
536.288024902	55.5740509033	0.336915433407
536.101257324	56.3029327393	0.336982905865
535.824584961	57.3829803467	0.337111085653
535.443847656	58.8692169189	0.33714568615
535.31072998	59.3889007568	0.337130635977
535.027709961	60.493637085	0.337097942829
534.839660645	61.2274932861	0.337088316679
534.653442383	61.9543609619	0.337089061737
534.471069336	62.6658477783	0.337095707655
534.176208496	63.8170928955	0.337109535933
534.02722168	64.3984222412	0.337119042873
533.877563477	64.9829559326	0.336895227432
533.676452637	65.7678985596	0.336431831121
533.337402344	67.091293335	0.336808860302
533.139038086	67.8653717041	0.336722105742
532.842285156	69.0240325928	0.336838304996
532.642272949	69.8046417236	0.337025403976
532.337646484	70.9932403564	0.3371065557
532.19744873	71.5385894775	0.337839871645
532.000732422	72.3111724854	0.33803164959
531.804626465	73.0871429443	0.337679386139
531.607910156	73.8675689697	0.337245106697
531.471374512	74.4096221924	0.337053030729
531.268676758	75.2149200439	0.337164342403
531.071777344	75.99659729	0.337578982115
530.876586914	76.7718658447	0.337984412909
530.529052734	78.1522979736	0.33828151226
530.228088379	79.3476715088	0.338210165501
530.010864258	80.2101593018	0.338123232126
529.698608398	81.4502410889	0.338057905436
529.491760254	82.2716522217	0.338055700064
529.330871582	82.9105987549	0.338065654039
529.138244629	83.6756744385	0.338079869747
528.936523438	84.4768829346	0.338089466095
528.59576416	85.8273162842	0.339190304279
528.393737793	86.631942749	0.340622395277
528.199768066	87.4266815186	0.340566724539
528.060546875	88.0077056885	0.339968264103
527.873168945	88.7965545654	0.338954359293
527.58001709	90.0359344482	0.33786663413
527.350830078	91.0058746338	0.337686389685
527.057983398	92.2456512451	0.337897211313
526.815551758	93.2713165283	0.338087499142
526.52520752	94.5001373291	0.338154375553
526.334533691	95.3071136475	0.338125348091
526.192260742	95.908493042	0.338495790958
525.99810791	96.7271270752	0.340017914772
525.80255127	97.5666656494	0.341595321894
525.604797363	98.4512481689	0.341731071472
525.296325684	99.9043731689	0.339236140251
525.04309082	101.123580933	0.33774125576
524.844238281	102.084640503	0.33748704195
524.565979004	103.429458618	0.337823867798
524.379638672	104.329177856	0.338066875935
524.100402832	105.678115845	0.338181525469
523.951721191	106.398880005	0.338898658752
523.636962891	107.904953003	0.341397613287
523.45501709	108.734085083	0.340884536505
523.319213867	109.337875366	0.339940994978
522.929992676	111.045059204	0.337769389153
522.606201172	112.458236694	0.337561905384
522.422729492	113.259353638	0.337770402431
522.27923584	113.886245728	0.337945371866
522.090637207	114.709579468	0.338100731373
521.901000977	115.537765503	0.338152885437
521.7578125	116.163131714	0.338136702776
521.560852051	117.023117065	0.338075995445
521.232421875	118.457473755	0.337979465723
521.032714844	119.329330444	0.33795529604
520.835205078	120.192123413	0.337955415249
520.699401855	120.785079956	0.337963730097
520.501953125	121.647171021	0.337979674339
520.306274414	122.501968384	0.337992846966
520.156066895	123.157577515	0.337998837233
519.963378906	123.998977661	0.338000535965
519.758605957	124.893508911	0.337996721268
519.402404785	126.448806763	0.337984144688
519.207641602	127.29927063	0.337977707386
518.897094727	128.655410767	0.337970733643
518.738098145	129.349746704	0.337968528271
518.536010742	130.232040405	0.337966889143
518.234069824	131.550979614	0.337965339422
517.981323242	132.654403687	0.337963968515
517.779174805	133.536880493	0.337962687016
517.527526855	134.635910034	0.337960660458
517.329772949	135.499526978	0.337958693504
517.093566895	136.531021118	0.337956249714
516.786193848	137.873062134	0.337953090668
516.647583008	138.478469849	0.337951660156
516.429504395	139.430923462	0.337949603796
516.073364258	140.986038208	0.33794683218
515.872680664	141.862380981	0.337945222855
515.662109375	142.781723022	0.337943643332
515.512878418	143.433486938	0.337942540646
515.290344238	144.405654907	0.33794093132
514.914550781	146.046218872	0.337938547134
514.515075684	147.790756226	0.337935835123
514.364013672	148.450363159	0.337934941053
514.150268555	149.383621216	0.337933719158
514.037475586	149.876235962	0.337933063507
513.773010254	151.031143188	0.337931573391
513.557556152	151.971878052	0.337930440903
513.231628418	153.395187378	0.337929189205
512.977233887	154.50642395	0.337928295135
512.86505127	154.996170044	0.337927877903
512.71282959	155.660995483	0.337927371264
512.498596191	156.596817017	0.337926506996
512.178833008	157.992965698	0.337925255299
512.02734375	158.654800415	0.337924748659
511.809661865	159.605514526	0.337924182415
511.658355713	160.265914917	0.337923705578
511.442352295	161.209609985	0.337923109531
511.050994873	162.919021606	0.337922126055
510.832794189	163.872055054	0.337921798229
510.619537354	164.80329895	0.337921530008
510.466339111	165.472396851	0.33792129159
510.236907959	166.474319458	0.337920993567
510.017730713	167.431533813	0.337920665741
509.859344482	168.123001099	0.337920546532
509.632293701	169.114242554	0.337920546532
509.414093018	170.067489624	0.337920606136
509.2527771	170.77204895	0.337920665741
509.040618896	171.698684692	0.337920725346
508.76852417	172.886917114	0.33792078495
508.536529541	173.900161743	0.33792090416
508.280609131	175.017440796	0.337921142578
508.064361572	175.959823608	0.338861942291
507.793609619	177.147079468	0.340585589409
507.424346924	178.828201294	0.339598298073
507.225311279	179.752456665	0.338570594788
506.952789307	181.024887085	0.337668597698
506.768585205	181.886550903	0.337490022182
506.613861084	182.609481812	0.337525755167
506.366973877	183.763534546	0.33773753047
506.261138916	184.257492065	0.338262856007
506.055145264	185.217422485	0.339938849211
505.809112549	186.386734009	0.341833084822
505.70401001	186.90196228	0.342060565948
505.301483154	188.977981567	0.339353680611
505.173797607	189.657241821	0.338415980339
504.989807129	190.64112854	0.337570905685
504.862792969	191.321670532	0.337344348431
504.690368652	192.246017456	0.337379574776
504.472045898	193.415786743	0.337679952383
504.247924805	194.615921021	0.337964862585
503.937286377	196.278030396	0.338482320309
503.750183105	197.276870728	0.340000927448
503.618713379	197.988418579	0.341139554977
503.445068359	198.961929321	0.341268956661
503.251098633	200.091690063	0.340013086796
503.133056641	200.793167114	0.339082330465
502.979919434	201.710830688	0.338108718395
502.789367676	202.857131958	0.337498307228
502.508117676	204.550003052	0.33756673336
502.324279785	205.655654907	0.33782017231
502.041870117	207.353713989	0.338056772947
501.841796875	208.555130005	0.338476151228
501.579833984	210.133621216	0.340886503458
501.463317871	210.860305786	0.341252148151
501.31262207	211.838760376	0.340476334095
501.14453125	212.96723938	0.339170247316
500.973754883	214.134048462	0.338094353676
500.717346191	215.896682739	0.337571680546
500.57635498	216.866531372	0.337683856487
500.474304199	217.56892395	0.337826222181
500.332336426	218.544692993	0.33801472187
500.156860352	219.750747681	0.338155418634
500.063293457	220.393875122	0.338183373213
499.887207031	221.60395813	0.338175207376
499.576538086	223.734939575	0.339070498943
499.48046875	224.394119263	0.34010207653
499.314941406	225.563369751	0.341468900442
499.097717285	227.206314087	0.340265989304
498.94354248	228.421096802	0.338798969984
498.862304688	229.067825317	0.338228285313
498.735046387	230.08442688	0.337765336037
498.649414062	230.769302368	0.337701916695
498.514709473	231.845718384	0.337846428156
498.37322998	232.976394653	0.338093340397
498.23034668	234.117019653	0.338273108006
498.162658691	234.657821655	0.338316142559
497.999145508	235.962875366	0.338322222233
497.845855713	237.186920166	0.338260769844
497.649414062	238.754974365	0.338183283806
497.497497559	239.967926025	0.338157743216
497.417724609	240.604629517	0.338156551123
497.264984131	241.824005127	0.33816921711
497.117736816	242.99810791	0.338545501232
497.038269043	243.628723145	0.339369952679
496.888183594	244.845214844	0.340097784996
496.70123291	246.420135498	0.339279353619
496.561676025	247.613983154	0.338468432426
496.400787354	248.995513916	0.337958425283
496.341949463	249.501022339	0.337903887033
496.207519531	250.655883789	0.337943017483
496.073455811	251.807312012	0.33808401227
496.014526367	252.313354492	0.338145196438
495.867004395	253.579483032	0.338249444962
495.781494141	254.313644409	0.338272660971
495.648651123	255.454086304	0.338265419006
495.513305664	256.616210938	0.338232576847
495.369934082	257.846588135	0.338198691607
495.168426514	259.575866699	0.338178187609
495.08694458	260.275512695	0.338178724051
494.965545654	261.317565918	0.338185191154
494.822845459	262.542541504	0.338195681572
494.68963623	263.686096191	0.338203787804
494.609863281	264.370635986	0.33820694685
494.473754883	265.538757324	0.338209331036
494.328552246	266.78527832	0.338208734989
494.248443604	267.473022461	0.338207691908
494.114013672	268.626708984	0.338205635548
493.956054688	269.983154297	0.338203787804
493.881378174	270.624023438	0.338203310966
493.747070312	271.777099609	0.338203191757
493.606628418	272.982788086	0.338203817606
493.547515869	273.490478516	0.338204234838
493.382537842	274.906402588	0.338205695152
493.257995605	275.975799561	0.338206827641
493.169586182	276.734619141	0.338207602501
493.038391113	277.861022949	0.338208466768
492.900817871	279.041778564	0.338209211826
492.81854248	279.748077393	0.338209569454
492.659759521	281.111450195	0.338210254908
492.543273926	282.111419678	0.338210761547
492.465942383	282.77520752	0.338211119175
492.307739258	284.133422852	0.33821195364
492.162506104	285.380157471	0.338212758303
492.099914551	285.917297363	0.338213115931
491.938293457	287.304321289	0.338214039803
491.812561035	288.383758545	0.338214784861
491.721435547	289.16595459	0.338215351105
491.586761475	290.322387695	0.338216215372
491.424682617	291.713317871	0.338217169046
491.215637207	293.507629395	0.338218539953
491.078613281	294.683624268	0.338219434023
490.985900879	295.479187012	0.33821991086
490.853210449	296.617980957	0.338220775127
490.709960938	297.848052979	0.338221669197
490.622924805	298.595397949	0.338222265244
490.490203857	299.734558105	0.338223189116
490.334716797	301.069091797	0.338224083185
490.27520752	301.579742432	0.338224411011
490.102386475	303.063354492	0.338225364685
490.025024414	303.727416992	0.338225841522
489.899505615	304.804656982	0.338214099407
489.753387451	306.058532715	0.338129222393
489.596466064	307.405517578	0.33800688386
489.51864624	308.073486328	0.337963044643
489.378479004	309.276184082	0.337928473949
489.215118408	310.678436279	0.337947309017
489.152893066	311.212432861	0.337963730097
488.999847412	312.526062012	0.338009804487
488.916259766	313.243347168	0.338033080101
488.751464844	314.657958984	0.338069140911
488.60925293	315.878570557	0.338091015816
488.472045898	317.056213379	0.338108450174
488.390258789	317.758087158	0.338118731976
488.227294922	319.156555176	0.338141381741
488.087677002	320.354309082	0.338164806366
488.00402832	321.072357178	0.33819437027
487.863006592	322.282714844	0.338300287724
487.697387695	323.704711914	0.338441431522
487.620056152	324.368103027	0.338488161564
487.476379395	325.601196289	0.338531792164
487.303924561	327.078125	0.339335411787
487.173980713	328.207519531	0.339506089687
487.088500977	328.958282471	0.339359015226
486.958343506	330.107269287	0.338965922594
486.864013672	330.942687988	0.338686347008
486.733398438	332.100097656	0.338424354792
486.646270752	332.872314453	0.338342964649
486.432617188	334.765594482	0.338364601135
486.356811523	335.437133789	0.338406860828
486.198547363	336.839569092	0.338488787413
486.119384766	337.540893555	0.338515371084
485.963745117	338.91973877	0.338534384966
485.835144043	340.057983398	0.338762462139
485.748352051	340.822875977	0.339539766312
485.595153809	342.196136475	0.341273039579
485.457489014	343.508544922	0.341600745916
485.393707275	344.148010254	0.34115922451
485.263122559	345.502502441	0.339724093676
485.140197754	346.809814453	0.338561326265
485.09185791	347.327728271	0.338275015354
484.961791992	348.723815918	0.337978899479
484.839141846	350.039245605	0.338119328022
484.771911621	350.75982666	0.338259875774
484.647460938	352.093048096	0.338493824005
484.52166748	353.439697266	0.338613212109
484.459106445	354.109405518	0.33862632513
484.349517822	355.282165527	0.338598877192
484.215759277	356.713256836	0.338529467583
484.157775879	357.333862305	0.338501214981
484.034240723	358.656005859	0.338460326195
483.90234375	360.067749023	0.33844935894
483.834014893	360.798950195	0.338453829288
483.709289551	362.133789062	0.338470906019
483.587585449	363.436218262	0.338489055634
483.525268555	364.103027344	0.338496446609
483.389251709	365.558837891	0.338505834341
483.279449463	366.733856201	0.338507115841
483.216918945	367.403320312	0.338506102562
483.07699585	368.900512695	0.338501513004
483.019073486	369.520477295	0.338499367237
482.895874023	370.8387146	0.33849555254
482.775177002	372.130554199	0.338493406773
482.645233154	373.521118164	0.338492840528
482.524261475	374.815490723	0.338493585587
482.460876465	375.493988037	0.338494300842
482.334716797	376.844177246	0.338495790958
482.25289917	377.717559814	0.338872492313
482.127502441	379.057342529	0.340442955494
482.066223145	379.731323242	0.341278731823
481.957214355	380.998443604	0.342534154654
481.858825684	382.253173828	0.343084484339
481.763183594	383.567138672	0.342623531818
481.715820312	384.242919922	0.342154681683
481.62310791	385.597595215	0.341264605522
481.525085449	387.05291748	0.340756118298
481.475219727	387.796539307	0.340687900782
481.391052246	389.052246094	0.340766429901
481.295654297	390.475524902	0.340960681438
481.250610352	391.147491455	0.341041356325
481.169189453	392.359680176	0.341618835926
481.07434082	393.77166748	0.345529973507
481.000457764	394.871582031	0.349513053894
480.946166992	395.67980957	0.351893633604
480.910491943	396.210266113	0.352734565735
480.819671631	397.561706543	0.352628529072
480.737304688	398.776916504	0.351023137569
480.651000977	400.076812744	0.349181324244
480.546569824	401.815673828	0.348486304283
480.481842041	403.074707031	0.349230766296
480.455749512	403.64263916	0.349757701159
480.408874512	404.75894165	0.350818872452
480.365478516	405.906066895	0.351550519466
480.339935303	406.632659912	0.351699054241
480.306640625	407.644897461	0.351413100958
480.272674561	408.746856689	0.350943177938
480.2578125	409.265380859	0.350939631462
480.225494385	410.494445801	0.350647717714
480.201660156	411.468505859	0.350454628468
480.164123535	413.139648438	0.349495351315
480.140930176	414.06451416	0.349015712738
480.10760498	415.146911621	0.349314391613
480.089508057	415.650177002	0.349769473076
480.046112061	416.736877441	0.350969940424
479.986236572	418.055908203	0.352037727833
479.934906006	419.069580078	0.352636396885
479.859619141	420.492340088	0.35101929307
479.815795898	421.281982422	0.349787086248
479.783325195	421.856872559	0.349100410938
479.739440918	422.66583252	0.34877499938
479.69543457	423.55960083	0.34923350811
479.64276123	424.846984863	0.350758016109
479.613891602	425.675872803	0.351515799761
479.575561523	426.937591553	0.351925224066
479.555999756	427.662597656	0.351024717093
479.543884277	428.170166016	0.349914729595
479.529541016	428.8515625	0.349289298058
479.515106201	429.643218994	0.349491864443
479.504333496	430.315673828	0.350157856941
479.488952637	431.403259277	0.351758092642
479.474975586	432.527679443	0.351666510105
479.468383789	433.157348633	0.351195365191
479.458984375	434.126586914	0.351477622986
479.453491211	434.741027832	0.351391136646
479.448059082	435.365478516	0.351327419281
479.440704346	436.251037598	0.351687371731
479.433807373	437.12890625	0.352176785469
479.429718018	437.678833008	0.352309763432
479.424224854	438.433654785	0.352259993553
479.420593262	438.947845459	0.352179229259
479.415893555	439.630859375	0.352077275515
479.41104126	440.355773926	0.352010369301
479.405700684	441.179382324	0.351951032877
479.401977539	441.777557373	0.351890683174
479.397796631	442.475830078	0.351596057415
479.393707275	443.134216309	0.351228713989
479.390625	443.714782715	0.351265221834
479.388000488	444.370300293	0.351411104202
479.385864258	444.90032959	0.351427078247
479.383789062	445.410308838	0.351582229137
479.38168335	445.9140625	0.35147947073
